Replace X's with user slot.
40000 = User 1
46800 = User 2
4D000 = User 3
53800 = User 4
5A000 = User 5
60800 = User 6

30000000 11000000
00000000 00000000
31000000 2F7XXXXX
0012710C 03030303
00127110 03030303
00127114 03030303
0012712C 03030303
00127130 03030303
00127134 03030303
0012714C 03030303
00127150 03030303
00127154 03030303
0012716C 03030303
00127170 03030303
00127174 03030303
0012718C 03030303
00127190 03030303
00127194 03030303
0012720C 03030303
00127210 03030303
00127214 03030303
0012722C 03030303
00127230 03030303
00127234 03030303
0012724C 03030303
00127250 03030303
00127254 03030303
0012726C 03030303
00127270 03030303
00127274 03030303
0012728C 03030303
00127290 03030303
00127294 03030303
00128668 03030303
0012866C 03030303
00128690 03030303
00128694 03030303
00128698 03030303
0012869C 03030303
001286A0 03030303
001286A4 03030303
001286A8 03030303
001286AC 03030000
001286D0 03030303
001286D4 03030303
001286D8 03030303
001286DC 03030303
001286E0 03030303
001286E4 03030303
001286E8 03030000
00128710 03030303
00128714 03030303
00128718 03030303
0012871C 03030303
00128720 03030000
00128750 03030303
00128754 03030303
00128758 03030303
00128798 00000303
0012879C 03030303
001287A0 03030303
001287A4 03030303
001287A8 03030303
001287AC 03030303
001287B0 03030303
001287B4 03030303
001287B8 03030303
001287BC 03030303
001287C0 03030303
001287C4 03030303
001287C8 03030303
001287CC 03030303
001287D0 03030303
001287D4 03030303
001287D8 03030303
001287DC 03030303
001287E0 03030303
001287E4 03030303
001287E8 03030303
001287EC 03030303
001287F0 03030303
0012D228 0071FEFF
D0000000 DEADCAFE
